"Barrio"	"Distrito"	"Indice_Vuln"	"Areas de barrios"	"Zones verd"	"Densitat_p"	"turismes_e"	"atur_16_64"	"renda_mitj"	"risc_pobre"	"Index_Equi"	"Index_Soci"	"Index_Glob"	"Num_bancos"	"Precio_2022 (Euros/m2) de compra"	"Precio_2010 (Euros/m2) de compra"	"Precio_2022 (Euros/m2) de alquiler"	"Precio_2010 (Euros/m2) de alquiler"	"Importe Recibos personalidad F"	"Importe Recibos personalidad J"	"Importe Recibos sin personalidad"	"Imp.Recibos Actv.Almacen-Estacionamiento"	"Imp. Recibos Actv. Comercial"	"Imp. Recibos Actv. Cultural"	"Imp. Recibos Actv. Deportiva"	"Imp.Recibos Actv.Edificio singular"	"Imp. Recibos Actv. Espectaculos"	"Imp. Recibos Actv. Industrial"	"Imp.Recibos Actv.Obras urbanizacion"	"Imp.Recibos Actv.Ocio y Hosteleria"	"Imp. Recibos Actv. Oficinas"	"Imp. Recibos Actv. Religiosas"	"Imp. Recibos Actv. Residencial"	"Imp.Recibos Actv.Sanidad y Beneficiencia"	"Importe Recibos totales"
"1"	"AIORA"	"CAMINS AL GRAU"	"Vulnerable"	651213.25	1786	671081.83	12.25	179.67	10228.25	24.26	3.04	2.58	2.85	31	1894	1898	9.4	6.7	3641545.03	665931.17	14932.75	319329.47	549914.22	18523.42	12181.37	0	2242.08	92125.87	23968.32	80120.6	72017.31	687.38	3113701.73	37597.18	4322408.95
"2"	"ALBORS"	"CAMINS AL GRAU"	"Vulnerable"	256038.10938	712	210550.06	12.16	63.61	11500	20.97	3.31	3.13	3.13	36	1864	1898	9.3	6.7	1466611.07	556689.66	16541.62	163708.62	274168.37	8613.59	19615.39	0	5135.26	11591.52	718.25	128377.49	40265.8	145.43	1371467.75	16034.88	2039842.35
"3"	"ARRANCAPINS"	"EXTRAMURS"	"No Vulnerable"	874374.0625	1826	554390.86	11.74	134.79	15599.29	14.71	3.26	3.87	3.28	115	2263	1794	8.4	6.3	6530899.88	1820748.72	140188.91	627378.43	1199502.28	17897.75	3355.6	152382.63	0	70686.6	34050.52	15834.91	593226.97	0	5755826.7	21695.12	8491837.51
"4"	"BENICALAP"	"BENICALAP"	"Vulnerable"	1718964.5	6999	885304.66	11.7	300.97	10255.52	24.78	2.76	2.59	2.84	313	1602	1826	9.8	5.8	6412442.62	2174505.9	66727.56	751324.53	812967.44	18918.62	10061.03	10984.54	1035.42	162389.08	122003.37	733040.55	127116.87	10946.5	5857108.7	35779.43	8653676.08
"5"	"BENIFARAIG"	"POBLATS DEL NORD"	"Pot. Vulnerable"	1422815.25	521	242.36	11.93	7.45	10361	17.4	1.35	2.86	2.45	15	NA	NA	NA	NA	220503.87	6198.81	34.11	16586.81	8072.05	0	86.83	0	0	3237.03	5224.4	0	0	0	193375.17	176.4	226736.79
"6"	"BENIFERRI"	"POBLATS LOEST"	NA	NA	NA	NA	NA	NA	NA	NA	NA	NA	NA	73	NA	NA	NA	NA	256345.39	557478.15	0	50737.29	69732.77	2077.06	12624.64	0	0	20842.2	32136.97	278303.79	107111.23	0	239868.03	259.706666666667	813823.54
"7"	"BENIMACLET"	"BENIMACLET"	"Pot. Vulnerable"	743183.1875	2723	673328.18	11.94	182.54	12312.74	406.7	3.05	3.09	3.06	234	2039	2121	8.9	6.8	4627986.58	750540.14	57931.02	391479.26	613831.32	3981.53	66618.8	15297.86	890.03	27056.34	6623.26	17333.01	223722.09	0	4054903.83	14720.41	5436457.74
"8"	"BENIMAMET"	"POBLATS LOEST"	"Pot. Vulnerable"	NA	2875	158274.64	12.24	123.12	9172.7	28.6	2.15	2.36	2.66	35	NA	NA	NA	NA	1910038.05	361004.54	20529.02	166996.48	163586.16	2246	1055.67	0	93.88	77107.32	61268.94	117448.91	16805.27	0	1678582.11	6380.87	2291571.61
"9"	"BETERO"	"POBLATS MARITIMS"	"Vulnerable"	255307.53125	1615	166801.71	11.75	55	11582.6	21.62	2.87	2.98	3.06	68	2099	1315	11.5	6.4	1206689.01	126731.42	731.436666666667	88620.9	95937.43	24101.32	1508.9	0	0	1589.98	4764.16	552.876666666667	9612.79	316.7	1104184.41	2092.96	1334517.96
"10"	"BORBOTO"	"POBLATS DEL NORD"	"Pot. Vulnerable"	NA	130	504.06	11.98	7.76	9863	20.9	1.68	2.69	2.6	9	NA	NA	NA	NA	154384	8466.32	0	9394.23	5184.02	0	89.55	0	0	3802.16	9061.39	0	239.93	0	135057.14	0	162850.32
"11"	"CABANYAL-CANYAMELAR"	"POBLATS MARITIMS"	"Vulnerable"	1349264	3672	335930.53	13.34	249.53	9936.22	29.5	2.91	2.13	2.59	347	2094	1315	11.5	6.4	2483725.88	970024.44	12033.35	160279.63	244745.88	67948.32	1675.79	31181.43	27969.64	104680.65	52038.31	370977.45	76861.97	864.706666666667	2304805.64	21801.25	3465783.67
"12"	"CAMI DE VERA"	"BENIMACLET"	"No Vulnerable"	NA	1359	71317.83	11.16	25.6	12772.67	43.6	3.12	3.44	3.46	67	2068	2121	8.9	6.8	1066814.9	125569.52	7524.51	87425.5	94683.27	21066.2	3894.82	0	0	28777.09	39901.12	0	4154.97	0	919279.98	725.98	1199908.93
"13"	"CAMI FONDO"	"CAMINS AL GRAU"	"No Vulnerable"	157188.03125	462	132638.28	12.67	42.76	10893.75	23.23	2.75	2.91	2.92	8	1893	1898	10.3	6.7	757465.62	318307.64	446.32	65750.49	140554.55	0	0	0	349.98	72188.2	10904.82	16813.57	17676.76	0	700038.73	51942.48	1076219.58
"14"	"CAMI REAL"	"JESUS"	"No Vulnerable"	1477502	5478	10047.85	11.57	21.89	9823.5	22.95	2.74	2.85	3.12	15	1261	1472	7.9	5.6	612527.49	88008.24	1116.555	50307.92	47718.37	514.16	5594.36	9628.49	0	33947.95	36286.51	0	646.62	0	518124.46	0	702768.84
"15"	"CAMPANAR"	"CAMPANAR"	"No Vulnerable"	985736.75	3216	99560.18	11.54	56.43	13421.33	16.47	2.99	3.49	3.23	95	2304	2455	8	9.2	2645870.85	4260160.47	43666.71	560547.51	2195082.57	52842.24	6339.18	101928.2	0	94637.63	16288.46	312946.37	556241.76	2647.91	2308882.67	741313.53	6949698.03
"16"	"CARPESA"	"POBLATS DEL NORD"	"Pot. Vulnerable"	NA	120	525.81	12.13	12.32	10829	20.4	1.67	2.56	2.5	14	NA	NA	NA	NA	245482.23	36637.47	0	15405.97	2447.77	0	1662.52	2800.26	0	32296.22	19691.49	2290.13	6760.3	0	198765.04	0	282119.7
"17"	"CASTELLAR-L'OLIVERAL"	"POBLATS DEL SUD"	"Pot. Vulnerable"	NA	683	32331.69	11.95	55.83	9940.6	20.96	1.71	2.56	2.5	39	NA	NA	NA	NA	1212422.71	72682.75	2918.2	98017.2	50455.28	1191.51	10343.06	10469.37	3246.91	66353.08	50723.77	753.41	5176.83	0	989327.3	1965.94	1288023.66
"18"	"CIUTAT DE LES ARTS I DE LES CIENCIES"	"QUATRE CARRERES"	"No Vulnerable"	989231.125	2693	91092.71	9.65	20.46	15245	14.17	2.81	4.2	3.56	167	2638	1166	9.9	7.1	2111882.81	5036554.11	30557.82	395104.52	697589.88	470265.71	412291.55	1194289.16	1441549.17	249.2	42621.31	162883.68	373707.43	11223.27	1951343.98	25875.88	7178994.74
"19"	"CIUTAT FALLERA"	"BENICALAP"	"Vulnerable"	NA	2135	85896.55	13.09	53.78	7679	34.63	2.58	1.61	2.45	55	1301	1826	8.7	5.8	628507.55	76316.62	481.34	29092.68	45024.56	8370.75	2810.24	0	0	43719.8	7284.05	1744.81	25480.6	512.82	539036.7	2228.5	705305.51
"20"	"CIUTAT JARDI"	"ALGIROS"	"No Vulnerable"	NA	2603	33658.94	117.21	9.66	13674.2	18.05	2.93	3.43	3.14	43	2118	1976	9.2	6.7	2694468.24	300100.6	21842.18	191654.17	254305.89	8510.96	5940.76	0	0	3860.62	3331.97	1856.44	45580.01	0	2498394.16	2976.04	3016411.02
"21"	"CIUTAT UNIVERSITARIA"	"EL PLA DEL REAL"	"No Vulnerable"	276959.21875	980	26332.24	11.24	11.98	17236.5	11.15	3.15	4.44	3.58	9	2395	2098	10	6.9	789259.41	315651.27	12074.67	66006.08	97300.62	0	0	0	0	19069.24	2264.53	16667.93	68614.14	0	728720.11	118342.7	1116985.35
"22"	"EL BOTANIC"	"EXTRAMURS"	"No Vulnerable"	370115.59375	1372	120479.11	12.43	50.47	14737.8	18.18	3.4	3.59	3.37	17	2410	1794	10	6.3	1623296.97	451089.33	62683.29	185496.31	278651.21	7350.93	1282.27	0	0	12372.04	24004.47	16003.43	192743.25	625.02	1393985.87	24554.79	2137069.59
"23"	"EL CALVARI"	"CAMPANAR"	"Vulnerable"	93682.34375	229	210605.42	13.42	53.82	9038.5	33.2	2.63	1.88	2.28	24	1808	2455	9	9.2	542035	74541.9	26582.71	52581.65	72315.93	462.61	0	0	0	7750.2	22.8466666666667	8284.21	2826.25	0	498870.22	0	643159.61
"24"	"EL CARME"	"CIUTAT VELLA"	"No Vulnerable"	384067.875	1247	120966.62	12.14	51.75	13156.93	21.15	3.6	3.33	3.39	73	2577	2395	11.5	7.1	1192342.56	550119.82	9855.81	117605.04	195113.73	9515.55	1811.01	27984.05	0	35093.67	26200.92	25015.24	117785.55	9787.42	1144889.68	41516.33	1752318.19
"25"	"EL FORN D'ALCEDO"	"POBLATS DEL SUD"	"No Vulnerable"	NA	228	1035.07	11.46	12.61	9159	22.5	2.1	2.64	2.72	22	NA	NA	NA	NA	321943.67	493713.6	83.9666666666667	12537.93	65609.8	636.3	115.98	805.49	0	507089.55	47951.72	0	38090.58	0	142062.33	883.54	815783.22
"26"	"EL GRAU"	"POBLATS MARITIMS"	"No Vulnerable"	NA	900	176988.02	12.12	90.06	10435.29	24.99	3.06	2.8	3	27	1969	1315	10.2	6.4	1468509.29	712433.44	22399.44	165260.16	173256.95	3267.55	2886.71	0	3163.25	91380.78	155654.54	25624.56	257477.88	317.5	1312626.87	12425.42	2203342.17
"27"	"EL MERCAT"	"CIUTAT VELLA"	"No Vulnerable"	172795.21875	202	64218.03	11.9	18.15	14704	19.43	2.97	4.01	3.5	53	2757	2395	12.7	7.1	1198246.68	789110.19	17027.54	116345.85	313764.09	73381.23	675.44	41931.86	0	14512.42	8925.83	82514.01	118623.98	0	1233709.7	0	2004384.41
"28"	"EL PALMAR"	"POBLATS DEL SUD"	"No Vulnerable"	NA	162	20.43	10.49	5.94	10603	10.8	1.7	3.56	2.85	11	NA	NA	NA	NA	170545.11	48042.49	0	4624.37	10319.43	153.73	7160.87	1040.44	0	16233.46	6037.89	37613.11	798.58	0	134605.72	0	218587.6
"29"	"EL PERELLONET"	"POBLATS DEL SUD"	"No Vulnerable"	NA	857	279.62	11.4	7.73	14428	18.6	1.47	3.69	2.96	24	NA	NA	NA	NA	1617263.61	137905.68	51692.96	73193.67	19786.44	0	41888.76	1468.49	3234.31	8617.23	59859.67	11974.99	0	0	1586838.69	0	1806862.25
"30"	"EL PILAR"	"CIUTAT VELLA"	"No Vulnerable"	161606.15625	132	89514.69	12.52	28.52	14331	20.63	3.09	3.55	3.29	36	2533	2395	10.4	7.1	855655.01	474662.84	31880.48	158656.83	171964.6	3956.49	0	16863.68	0	4783.36	27310.47	12980.07	46015.05	0	882034.75	37633.03	1362198.33
"31"	"EL PLA DEL REMEI"	"L'EIXAMPLE"	"No Vulnerable"	386917.84375	843	130251.2	11.9	22.23	25795.29	7.1	3.02	4.61	3.51	70	4029	2106	11.2	6.8	4983422.6	4432041.65	139943.24	741917.07	2047910.69	59660.48	5072.77	106461.01	0	1118.07	6337.2	178988.06	2008107.92	1537.29	4323406.05	74890.88	9555407.49
"32"	"EL SALER"	"POBLATS DEL SUD"	"No Vulnerable"	NA	201	222.61	10.94	5.74	14540	17.9	1.28	4.14	3.09	89	NA	NA	NA	NA	763301.55	256954.94	9529.15	38374.1	95914.97	13942.87	92955.52	4936.8	2548.25	4675.33	3846.45	12339.27	373.66	0	759167.65	710.77	1029785.64
"33"	"ELS ORRIOLS"	"RASCANYA"	"Vulnerable"	NA	1025	781164.24	13.47	195.36	7921.79	36.52	3.13	1.75	2.52	151	1170	1771	8.7	6.3	1661614.01	189739.04	12634.46	116114.85	151906.59	20128.59	1402.52	0	2296.92	19693.06	11907.38	987.73	10650.06	3347.64	1513719.96	11832.21	1863987.51
"34"	"EN CORTS"	"QUATRE CARRERES"	"Vulnerable"	364026.1875	1109	394814.87	12.48	109.1	9904.22	28.73	2.92	2.6	2.73	39	1950	1166	8.8	7.1	1769097.97	220528.27	12774.09	164651.52	170415.24	21829.52	3286.8	0	0	17998.23	15511.68	6140.88	23561.49	0	1574114.72	4890.25	2002400.33
"35"	"EXPOSICIO"	"EL PLA DEL REAL"	"No Vulnerable"	381609.6875	2164	90686.1	11.7	30.81	21028.8	8.3	3.37	4.53	3.62	42	3342	2098	11	6.9	2691975.86	1050962.17	74099.19	312840.39	295000.23	46992.86	4011.44	0	0	28611.91	3909.01	18534.2	500442.26	0	2534296.68	72398.24	3817037.22
"36"	"FAITANAR"	"POBLATS DEL SUD"	NA	NA	NA	NA	NA	NA	NA	NA	NA	NA	NA	5	NA	NA	NA	NA	231964.89	387075.86	0	16582.11	16767	0	57506.8	0	0	39929.12	134713.09	1235.39	62473.87	341.15	289492.22	0	619040.75
"37"	"FAVARA"	"PATRAIX"	"No Vulnerable"	280250.5625	617	40679.63	11.7	21.25	10568.5	23.45	2.7	2.93	3.02	24	1550	1408	8	6	574681.23	179195.91	2221.66	75344.35	68993.14	553.29	0	0	0	19192.42	17275.06	0	18978.78	0	504860.6	50901.16	756098.8
"38"	"JAUME ROIG"	"EL PLA DEL REAL"	"No Vulnerable"	190800.90625	517	217088.67	11.59	34.06	20308.28	8.28	2.79	4.41	3.32	17	2772	2098	9.2	6.9	2477965.29	304843.72	92329.25	148982.01	191426.72	13571.49	3581.12	18623.71	0	3620.02	846.57	0	129191.89	0	2365294.73	0	2875138.26
"39"	"L'AMISTAT"	"ALGIROS"	"Pot. Vulnerable"	207274.85938	1443	36064.61	76.11	11.41	11989.5	23.08	3.49	2.88	3.04	134	1946	1976	9.4	6.7	1279259.75	96400.91	12504.38	75084.36	124589.9	5768.28	1473.95	0	0	2399.12	1583.09	230.096666666667	14715.01	405.72	1152034.72	9420.6	1388165.04
"40"	"L'HORT DE SENABRE"	"JESUS"	"Pot. Vulnerable"	426354.3125	1101	542861.41	11.99	130.98	10217.42	22.81	2.8	2.59	2.78	81	1474	1472	7.9	5.6	2416721.71	237778.02	10198.91	178101.29	354587.43	17079.37	3023.85	2678.78	101.3	22002.49	8098.99	1800.97	11295.56	1441.44	2051957.62	12326.95	2664698.64
"41"	"L'ILLA PERDUDA"	"ALGIROS"	"Vulnerable"	231529.1875	1342	38936.13	72.54	11.15	11630.5	17.47	3.18	2.82	3	35	2094	1976	9.4	6.7	1290154.45	142469.55	21997.31	93478.33	136751.04	24536.07	0	18763.97	0	3886.29	0	0	18302.87	0	1127935.24	30967.5	1454621.31
"42"	"LA CARRASCA"	"ALGIROS"	"No Vulnerable"	NA	5010	12613.3	22.85	6.85	15884	12.8	3.06	4.06	3.66	34	2566	1976	9.4	6.7	863792.19	365920.72	6323.7	105109.28	114838.48	134874.15	18752.74	0	4147.7	21832.86	10395.4	1067.79	20111.94	0	804906.27	0	1236036.61
"43"	"LA CREU COBERTA"	"JESUS"	"No Vulnerable"	374887.53125	446	96642.98	11.87	46.31	10646.75	22.58	2.72	2.72	2.98	10	1545	1472	7.9	5.6	862762.22	268274.54	14308.51	72247.05	126479.17	12519.85	2195.84	1248.39	0	91916.42	91932.32	1428.78	5705.44	1673.09333333333	733219.47	0	1145345.27
"44"	"LA CREU DEL GRAU"	"CAMINS AL GRAU"	"Vulnerable"	391657.90625	1794	519918.02	12.56	133.85	9622.3	27.31	3.44	2.33	2.87	78	1856	1898	9.3	6.7	2025181.73	550330.64	19979.16	198201.56	285491.66	3400.79	894.86	0	493	26563.37	21440.22	171801.95	60325.61	645.83	1808279.57	17953.11	2595491.53
"45"	"LA FONTETA S.LLUIS"	"QUATRE CARRERES"	"No Vulnerable"	238826.73438	308	28676.24	12.88	27.8	8301	31.35	2.38	2.35	2.76	9	1370	1166	8.8	7.1	374267.16	80222.41	4263.46	36338.21	25187.85	0	0	0	0	10653.63	20676.07	44905.37	3552.52	467.23	312699.4	3338.29	458753.03
"46"	"LA FONTSANTA"	"L'OLIVERETA"	"Pot. Vulnerable"	NA	1284	26090.02	14.84	35.99	7145	41.65	3.65	1.22	2.6	25	1103	1162	8.6	6	274909.37	372807.15	5620.01	45702.63	20823.68	0	0	105	0	2409.26	1450.37	0	65.79	450.003333333333	267672.14	314769.19	653336.53
"47"	"LA GRAN VIA"	"L'EIXAMPLE"	"No Vulnerable"	468568.0625	2642	330005.18	12	69.59	19431.5	9.1	3.11	4.41	3.41	21	3237	2106	10.8	6.8	4300894.05	1228577.56	53498.22	465862.56	1003578.73	16166.63	6677.75	575.66	55128.91	53476.31	1420.85333333333	3850.245	106379.84	0	3858017.52	6007	5582969.83
"48"	"LA LLUM"	"L'OLIVERETA"	"No Vulnerable"	NA	933	86410.57	11.35	31.59	11032.33	18.4	2.87	2.93	3.04	4	1322	1162	8.6	6	787780.03	63487.36	12864.67	69112.38	62793.82	3745.84	1675.91	373.13	0	6141.54	3770.9	0	22121.41	0	694036.93	360.2	864132.06
"49"	"LA MALVA-ROSA"	"POBLATS MARITIMS"	"Vulnerable"	NA	2613	266517.02	12.27	124.53	10064.78	25.01	2.83	2.16	2.64	139	1820	1315	9.7	6.4	1686009.12	219379.39	7199.29	99904.98	100881.98	14981.27	12210.61	314.04	553.11	25470.56	37099.97	16829.18	3152.02	0	1551357.84	49832.24	1912587.8
"50"	"LA PETXINA"	"EXTRAMURS"	"No Vulnerable"	496668.75	1509	408076.9	12.09	109.94	13878.92	17.63	3.63	3.61	3.32	47	2238	1794	9.4	6.3	3624068.34	630531.45	21951.29	316941.78	612543.81	24771.67	0	0	0	21445.52	14822.21	36672.77	43509.24	892.75	3185870.08	19081.25	4276551.08
"51"	"LA PUNTA"	"QUATRE CARRERES"	"Vulnerable"	NA	557	166.6	14.07	14.59	8823	33.8	1.62	2.39	2.14	22	1967	1166	9.7	7.1	626151.94	1229170.42	8273.02	47550.92	49769.69	0	346.77	0	0	309913.53	308182.84	11104.52	418499.8	0	594458.42	123768.89	1863595.38
"52"	"LA RAIOSA"	"JESUS"	"Pot. Vulnerable"	375448.375	528	480181.15	12.15	118.91	11054.91	25.75	2.92	2.9	2.85	14	1796	1472	7.3	5.6	2725304.47	588300.3	20702.02	244849.57	384662.86	3733.41	1650.22	37621.3	4448.59	18142.74	12594.33	5444.88	163728.95	0	2372336.16	85093.78	3334306.79
"53"	"LA ROQUETA"	"EXTRAMURS"	"No Vulnerable"	230568.40625	148	61839.84	12.42	24.12	15711.55	21.77	3	3.62	3.16	23	3044	1794	10.4	6.3	1488732.49	863573.59	127403.89	153550.94	331068.42	4360.39	6685.08	173837.91	1643.01	11985.82	351.586666666667	71298.74	438262.21	0	1276748.03	10269.42	2479709.97
"54"	"LA SEU"	"CIUTAT VELLA"	"No Vulnerable"	221074.10938	284	41394.98	12.59	21.91	17376	14.97	3.19	4.04	3.59	34	3545	2395	13.2	7.1	991567.15	759379.1	15597.51	117297.69	222843.15	63701.1	0	183072.11	4643.18	1062.87	6121.77	68401.13	105644.13	0	992387.55	1369.08	1766543.76
"55"	"LA TORRE"	"POBLATS DEL SUD"	"Vulnerable"	NA	1310	32923.6	12.54	52.84	8727.5	32.98	2.08	2.03	2.54	6	NA	NA	NA	NA	623151.88	68975.61	10325.27	61822.86	64142.03	920.83	0	338.31	0	30716.57	19505.38	948.52	2058.95	0	521999.31	0	702452.76
"56"	"LA VEGA BAIXA"	"ALGIROS"	"No Vulnerable"	193497.71875	1193	29340.03	45.2	7.16	15807.25	12.68	3	4.03	3.37	49	2221	1976	9.4	6.7	1555256.9	238987.54	46857.24	119167.01	267946.2	771.2	7124.21	0	1114.08	21170.57	575	6090.1	24897.71	0	1387328.77	4916.83	1841101.68
"57"	"LA XEREA"	"CIUTAT VELLA"	"No Vulnerable"	311649.9375	948	53962.31	11.93	20.22	21397.5	15.4	2.96	4.27	3.36	36	3393	2395	11.8	7.1	1768208.57	1341975.5	33363.41	232192.89	393232.92	21103.89	0	55039.72	0	6716.78	6805.21	133324.08	606117.36	0	1629872.46	59142.17	3143547.48
"58"	"LES CASES DE BARCENA"	"POBLATS DEL NORD"	NA	NA	NA	NA	NA	NA	NA	NA	NA	NA	NA	11	NA	NA	NA	NA	77420.92	8723.41	341.73	4336.8	8480.52	0	0	0	0	18508.92	5843.66	413.15	717.413333333333	0	48185.59	0	86486.06
"59"	"LES TENDETES"	"CAMPANAR"	"No Vulnerable"	258209.17188	1312	136517.09	11.78	56.08	11610.4	25.24	3.29	2.95	3.1	61	1626	2455	9	9.2	893684.24	372298.99	6285.56	67783.36	104828.86	4672.09	3903.38	245402.67	0	918.02	11103.86	0	4353.21	0	826081.93	3221.41	1272268.79
"60"	"MAHUELLA-TAULADELLA"	"POBLATS DEL NORD"	NA	NA	NA	NA	NA	NA	NA	NA	NA	NA	NA	NA	NA	NA	NA	NA	14482.14	511.72	0	389.536666666667	0	193.93	0	0	0	221.673333333333	93.6033333333333	0	0	0	14122.04	0	14993.86
"61"	"MALILLA"	"QUATRE CARRERES"	"No Vulnerable"	2507300.75	5407	390449.78	11.59	163.39	10842.93	18.69	2.86	2.97	3.04	104	1999	1166	8.7	7.1	3803337.97	2503032.28	47905.59	341655.69	458831.95	156367.83	47416.9	11445.74	1856.44	150007.67	238560.7	1959.11	36038.08	0	3288256.17	1621879.56	6354275.84
"62"	"MARXALENES"	"LA SAIDIA"	"Pot. Vulnerable"	390365.9375	1996	291861.55	12.37	109.94	10318	27.02	3.35	2.43	2.84	43	1877	1755	7.8	6.2	1539175.27	156508.28	8877.56	132619.15	177502.92	178.97	1121.67	97.3266666666667	0	20668.62	17148.41	7785.14	19975.03	0	1327102.4	458.8	1704561.11
"63"	"MASSARROJOS"	"POBLATS DEL NORD"	"No Vulnerable"	NA	865	843.42	9.67	5.64	16404	9.7	1.38	4.19	3.05	23	NA	NA	NA	NA	657888.68	76180.57	10869.43	22222.62	1443.47	0	0	144.52	0	10411.44	43998.12	0	247.6	0	666470.91	0	744938.68
"64"	"MESTALLA"	"EL PLA DEL REAL"	"Pot. Vulnerable"	843587.875	3732	284202.89	11.49	79.18	16292.9	16.72	2.91	3.93	3.26	140	2907	2098	9.7	6.9	4370797.34	3118298.44	221585.05	676910.45	599826.81	96325.41	260825.63	186878.29	0	46479.9	50018.22	535621.52	1285741.01	8565.57	3955769.92	7718.1	7710680.83
"65"	"MONTOLIVET"	"QUATRE CARRERES"	"Vulnerable"	473256.3125	1229	631822.39	12.49	171.77	10884.64	26.23	3	2.76	2.74	32	1886	1166	8.2	7.1	3024223.25	297885.25	41263.97	260434.24	298293.03	4935.77	4130.3	307.02	0	32847.4	2824.33	11252.52	40880.28	185.97	2674668.42	32613.19	3363372.47
"66"	"MORVEDRE"	"LA SAIDIA"	"No Vulnerable"	428184.84375	1713	243764.8	12.07	86.92	11451.21	24.89	3.42	2.93	3.06	40	1850	1755	7.8	6.2	1593518.83	214771.74	17713.44	141260.72	234340.46	9022.99	407.79	0	0	30752.23	10820.08	574.356666666667	19900.74	0	1377740.08	1011.49	1826004.01
"67"	"NA ROVELLA"	"QUATRE CARRERES"	"Vulnerable"	540119.625	3504	89521.77	15.06	127.92	7480.67	39.08	3.1	1.54	2.52	33	1501	1166	8.2	7.1	768590.95	280030.68	2733.78	18026.21	42843.66	5735.64	0	0	0	4970.16	2838.85	112140.96	16028.88	1126.17	800017.03	47627.85	1051355.41
"68"	"NATZARET"	"POBLATS MARITIMS"	"No Vulnerable"	917112.5625	1766	64428.16	14.27	93.61	7990.4	38	3.06	1.41	2.45	35	1161	1315	10.2	6.4	639915.95	166412.07	3200.44	34111.94	45641.45	5121.12	362.62	2368.93	693.24	21097.57	98934.5	1099.43	2320.52	343.25	570359.04	27074.85	809528.46
"69"	"NOU MOLES"	"L'OLIVERETA"	"Vulnerable"	NA	1906	873410	12.44	233.96	10560.1	24.98	3.18	2.62	2.79	78	1617	1162	8.6	6	4067171.33	1511515.29	19564.8	410833.23	477014.49	11318.49	1938.38	941301.45	8090.21	59835.04	27251.06	6214.47	109174.3	5274.03	3533587.02	6419.25	5598251.42
"70"	"PATRAIX"	"PATRAIX"	"Vulnerable"	621304.8125	2012	789312.14	11.7	183.54	12073	19.18	3.3	3.22	3.1	127	1918	1408	8	6	4642638.36	665566.8	35327.34	451579.11	685607.07	18433.92	3665.81	0	0	46848.36	13986.16	4914.44	92464.32	11489.89	3990340.44	24202.98	5343532.5
"71"	"PENYA-ROJA"	"CAMINS AL GRAU"	"No Vulnerable"	911135.875	3984	96327.78	9.04	32.07	18247.5	11.03	2.79	4.61	3.7	53	3429	1898	9.8	6.7	4283959.87	3894644.5	124465.61	670312.18	2285930.01	25945.91	50082.4	0	0	27500.2	109544.73	823072.62	93680.02	0	4216517.19	484.72	8303069.98
"72"	"PINEDO"	"POBLATS DEL SUD"	"Pot. Vulnerable"	NA	255	3176.68	11.99	19.01	11227	16.95	1.61	3.07	2.68	51	NA	NA	NA	NA	491328.87	84495.88	659.06	26361.65	29914.73	11157.17	10216	279.01	18053.63	42008.6	7253.69	38957.92	7556.72	0	384776.91	651.38	577187.41
"73"	"POBLE NOU"	"POBLATS DEL NORD"	"No Vulnerable"	NA	384	306.67	12.68	9.97	9594	28.4	1.73	2.5	2.74	NA	NA	NA	NA	NA	178294.9	55676.78	535.38	8377.19	1942.11	0	161.653333333333	0	0	64820.72	13555.07	0	1555.14	0	144173.59	0	234507.06
"74"	"RAFALELL-VISTABELLA"	"POBLATS DEL NORD"	NA	NA	NA	NA	NA	NA	NA	NA	NA	NA	NA	NA	NA	NA	NA	NA	NA	NA	NA	NA	NA	NA	NA	NA	NA	NA	NA	NA	NA	NA	NA	NA	NA
"75"	"RUSSAFA"	"L'EIXAMPLE"	"No Vulnerable"	877703.1875	1683	739107.69	12.35	199.97	13957.05	19.02	2.97	3.55	3.11	189	2738	2106	10.6	6.8	5848008.23	1521687.73	50378.1	646060.82	1317714.73	61756.75	41485.17	712.11	3987	58391.3	24368.24	38451.05	170337.95	4596.8	5041407.02	10805.12	7420074.06
"76"	"SAFRANAR"	"PATRAIX"	"No Vulnerable"	441265.78125	2829	154920.98	10.88	54.89	11679.83	15.5	3.21	3.47	3.38	32	1791	1408	8	6	1738077.32	321012.03	22908.18	131063.96	239085.32	1098.29	0	0	0	26275.73	113809.97	0	51672.95	1208.29	1515253.98	2529.04	2081997.53
"77"	"SANT ANTONI"	"LA SAIDIA"	"No Vulnerable"	249734.09375	741	243542.05	11.51	59.96	12121	18.5	3.27	3.29	3.17	8	1709	1755	7.2	6.2	1651026.72	280918.93	17519.88	195445.79	236544.36	17072.16	11988.71	0	0	26760.61	7202.29	7944.52	18772.99	0	1419309.12	8424.98	1949465.53
"78"	"SANT FRANCESC"	"CIUTAT VELLA"	"No Vulnerable"	438658.3125	1124	63168.37	12.03	26.13	23419	11.3	2.86	4.41	3.39	209	3417	2395	12	7.1	3867931.2	7943384.19	308298.88	472883.96	4185348.44	16382.42	0	220424.71	167954.55	35863.08	8456.85	657621.96	2961485.9	0	3391789.45	1402.95	12119614.27
"79"	"SANT ISIDRE"	"PATRAIX"	"No Vulnerable"	495220.5625	1884	225687.62	11.5	64.97	10299	18.97	3.21	3	3.31	51	1655	1408	8	6	1576475.33	302331.89	6608.06	133503.15	171669.81	22929.78	15353.81	10869.94	0	66544.09	41582.06	0	14542.42	0	1408420.22	0	1885415.28
"80"	"SANT LLORENS"	"RASCANYA"	"No Vulnerable"	NA	3171	123050.17	9.87	45.18	14834.14	10.16	2.92	4.16	3.68	102	2594	1771	9.6	6.3	2723947.71	1209889.41	36036.3	343372.63	747494.85	325.753333333333	291521.61	23520.53	13668.59	21074.71	52733.12	533.32	109109.05	0	2365131.84	735.91	3969873.42
"81"	"SANT MARCEL.LI"	"JESUS"	"Pot. Vulnerable"	330438.1875	1471	328219.48	12.59	112.86	9398.89	25.6	2.95	2.14	2.7	79	1441	1472	7.3	5.6	1267456.25	93179.7	40354.11	115068.04	119764.15	13488.97	1061.17	18848.91	0	3570.22	8803.4	0	2491.09	0	1104828.06	13066.05	1400990.06
"82"	"SANT PAU"	"CAMPANAR"	"No Vulnerable"	NA	4472	75840.25	9.59	35.49	15150.83	13.23	2.63	4.16	3.45	293	3032	2455	10.3	9.2	4347270.85	2308426.48	60254.62	760687.59	995126.16	20584.62	5730.56	28965.15	0	211929.8	59504.16	6298.16	156443.3	0	3921944.35	548738.1	6715951.95
"83"	"SOTERNES"	"L'OLIVERETA"	"No Vulnerable"	NA	831	93263.82	12.48	55.28	9929.75	23.88	3.18	2.33	2.74	16	1631	1162	8.6	6	644695.55	147163.73	7407.83	55591.21	57305.47	3823.01	0	837.43	0	93237.8	2934.02	0	14826.5	326.74	570384.93	0	799267.11
"84"	"TORMOS"	"LA SAIDIA"	"Pot. Vulnerable"	279952	1065	201119.02	12.63	72.7	9345.5	30.27	3.48	2.37	2.97	29	1550	1755	8.4	6.2	1122924.49	278207.58	9562.63	128984.74	128835.53	20987.49	116387.99	0	0	8441.32	6582.56	3350.4	10732.33	383.35	986008.99	0	1410694.7
"85"	"TORREFIEL"	"RASCANYA"	"Vulnerable"	713292.625	1982	735759.86	12.31	237.09	8804	30.32	3.07	2.19	2.75	214	1428	1771	3	6.3	3134686.72	457260.43	11286.5	319974.42	360584.8	7528.81	3287.59	5742.7	357.766666666667	70804.47	17778.62	1340.36	43966.48	648.06	2753991.85	15950.2	3603233.65
"86"	"TRES FORQUES"	"L'OLIVERETA"	"Pot. Vulnerable"	526901.25	2067	202741.02	14.02	99.75	8583	33.59	3.54	1.71	2.67	64	1332	1162	8.6	6	821495.05	217989.57	1569.01	47093.66	32934.65	968.75	66118.06	366.28	0	10634.19	17503.15	120.58	32071.72	625.65	832616.94	0	1041053.63
"87"	"TRINITAT"	"LA SAIDIA"	"No Vulnerable"	595678.6875	4402	148909.56	12.18	65.29	12704	20.6	3.47	3.23	3.11	141	2699	1755	8.4	6.2	1496816.48	530334.34	37447.16	169302.88	267889.43	21195.41	99575.67	6607.53	0	8396.02	11956.58	0	94551.96	1448.82	1343651.74	40021.94	2064597.98
"88"	"VARA DE QUART"	"PATRAIX"	"Pot. Vulnerable"	NA	1770	357927.44	11.47	85.05	11477.13	18.58	3.01	3.06	3.12	43	1616	1408	7.4	6	2003964.49	1193791.06	20294.24	158550.43	292348.02	0	7757.2	0	0	876392.34	73912.1	6254.56	368998.62	1295.27	1412886.86	19654.39	3218049.79
